TYPE_VEHICLE 6.1364118200823 3.199999999999978 2.3747292583603814 -2.8739769709263783 1.3135041015925708 -77.1757076583998 -0.04645579358356278
TYPE_SIGN 0.10583741624234454 1.0500000000000052 0.9967263915799145 4.362030400327058 2.8327305539052645 21.947743643420665 -0.15056998234670704
TYPE_VEHICLE 4.561743191816301 1.770000000000004 2.022908928261256 -2.664831569263697 1.0713604643050303 27.87130250031919 0.008765892894394778
TYPE_SIGN 0.0779287767951225 0.5700000000000021 0.5031531974644249 4.1466962690028595 2.2946958820678276 -37.825475268921025 3.122446108971559
TYPE_VEHICLE 4.8876654242473325 1.7100000000000044 2.0577671020207777 -17.148498288923292 1.9859308566034315 -25.41614514101252 3.1128836320410507
TYPE_VEHICLE 4.560561347742946 1.6600000000000037 1.9370161592912127 -12.085771815553016 1.1350720897698636 -25.60296766141812 -3.108106450837231
TYPE_VEHICLE 4.212872255113534 1.770000000000005 1.976667101305404 -0.5961972022014379 3.3982609521559084 54.616015929858406 0.008765892894740723
TYPE_VEHICLE 4.0920619781661856 1.6800000000000037 1.7365555733360296 13.616145035886802 4.643817909913253 54.544513633650354 -0.0036275309199504946
TYPE_VEHICLE 4.86449612522369 1.8102731501960783 2.070973940796063 -2.731926857259168 0.5339683431404012 -10.315089249807897 -0.002366836826979579
TYPE_VEHICLE 3.9780584391185405 1.7700000000000047 1.689826471831509 7.771598634109978 2.2775168184567463 55.1598188236253 0.008765892894159855
TYPE_SIGN 0.07289837876065142 0.5000000000000036 0.45557077402116214 13.159784656647389 0.5527742252394319 -28.17307927933092 -1.5830009773553484
TYPE_VEHICLE 4.5914417776794245 2.4099999999999966 2.075961439901713 -9.252651520479048 3.9356104938562453 54.2515775398075 -0.006339426337957921
TYPE_VEHICLE 4.561743191816301 2.2399999999999984 2.0229089282599895 -11.525898566689648 2.205562614215239 41.707722044670675 -1.547867674416958
TYPE_VEHICLE 4.397467497841072 2.1400000000000006 2.2481019244781537 -8.5710935059451 1.994334855474591 -69.68252183635661 -1.5601062777224604
TYPE_VEHICLE 4.523215594236568 1.810000000000004 2.0310090944121866 -14.582619447346588 1.4634221170539377 -25.524396613825104 -0.011486194678247852
TYPE_SIGN 0.08969160851977165 0.5100000000000016 0.525721532923803 -7.418620044340059 2.8776355084319505 -29.21043873007403 1.451599047862155
TYPE_VEHICLE 4.977985479654542 2.18 2.0809868208503253 -12.837280143254247 3.281531134591688 45.233452383426766 -1.6029910359725856
TYPE_SIGN 0.11492486959601277 0.9000000000000021 0.8454673859860932 -7.41508022456037 2.4230152266078733 -28.72299209388825 1.221018854870918
TYPE_SIGN 0.07517479685789524 0.4600000000000035 0.3433243916996159 4.638509305257685 2.4122581294333827 32.52629337799101 3.1294512934509147
TYPE_VEHICLE 3.765112448164135 2.218526776739953 2.029690361993053 -3.0258178320746083 0.6591628314701836 -46.14981524073147 -0.021355704237246975
TYPE_VEHICLE 4.004528475378601 1.650000000000004 1.6530988172757939 37.00988587147549 -4.1305059901741 -17.966363799028898 -0.041477047584510984
TYPE_VEHICLE 4.876720958106073 2.44504053252834 2.1045899040739813 -2.6240688997113466 0.8215116389235106 -58.99243027845978 0.006948376542279977
TYPE_VEHICLE 4.52213526897607 2.1000000000000014 2.2043378242094938 -7.1115596061135875 0.7621780156653415 -25.272880649276885 0.0841835050561559
TYPE_SIGN 0.08402009759148257 0.49000000000000377 0.46192262506163767 4.683868260919553 2.4878768672900833 -6.279518193863396 0.007317035138224348
TYPE_SIGN 0.12616943102535988 1.2200000000000042 1.1178605049580748 -4.821862222790514 3.16857009731595 35.419595920735446 2.9845304284447547
TYPE_VEHICLE 4.209813645340688 1.7700000000000036 1.9613959906866563 -3.2739778735176515 4.188845616936817 54.443842036958074 0.00876589289416918
TYPE_SIGN 0.0874896922704684 0.690000000000003 0.6511430105120973 5.909610658405654 2.4844905346179473 -28.161505579106063 1.1529713434462776
TYPE_SIGN 0.12261518058039655 1.0800000000000018 1.0356294782815627 -4.4748504273666185 2.5582654337482893 -72.57727680873313 3.130536780792321
TYPE_VEHICLE 4.375748625686855 1.721756756756755 1.9160662341124388 -2.7619725752592785 0.79570752173899 15.615017945452053 0.008749255886720153
TYPE_VEHICLE 4.811322824981376 2.1287267123083353 2.2749477620302905 7.2809596195293125 0.5236036426150861 -18.497617598150782 -0.08390075960274945
TYPE_VEHICLE 4.546756413032485 1.9700000000000042 2.081885829488375 -5.854834311652667 4.075371950794306 54.68472525231476 0.008765892894986749
TYPE_SIGN 0.062261599077591864 0.480000000000004 0.4491672372076453 4.490057269793397 2.367269063921242 -74.04101261001858 3.1026078503853416
TYPE_SIGN 0.10280300338481548 0.7399021399766301 0.6098876655475529 4.340055020755244 3.745040792909407 21.829087262870303 -0.14746139083221887
TYPE_VEHICLE 4.735504324966989 1.8800000000000043 1.9959525003650922 -9.400348584798849 0.6148848270792939 -25.684980841867457 -0.07578201086933767
TYPE_VEHICLE 4.663435927439774 1.8340549351079112 2.1192308831108724 -2.8594390763337287 0.1300379293702747 -34.066748450369346 -0.012080806013266443
TYPE_VEHICLE 4.461949035221184 2.030477517941357 1.9413620713282518 -2.654311414980839 0.8906666581964942 -0.5852067624055621 -0.041477047584201454
